$ln;Brinstar;Kraid's Lair;Norfair;Ridley's Lair;Tourian
0:0,0,0:1,0,0:2,0,0:3,0,0:4,0,0:5,0,0:6,0,0:7,0,0:8,0,0:9,0,0:8,-1,0:8,-2,0:8,-3,0:8,-4,0:8,-5,0:8,-6,0:8,-7,0:8,-8,0:8,-9,0:8,-10,0:8,-11,0:8,-12,0:9,-7,0:7,-9,0:6,-9,0:5,-9,0:4,-9,0:0,-12,0:1,-12,0:2,-12,0:3,-12,0:4,-12,0:5,-12,0:6,-12,0:7,-12,0:10,-12,0:10,-11,0:10,-10,0:10,-9,0:10,-8,0:10,-7,0:10,-6,0:10,-5,0:10,-4,0:10,-3,0:11,-6,0:12,-7,0:11,-7,0:13,-7,0:14,-7,0:11,-11,0:12,-11,0:13,-11,0:14,-11,0:15,-11,0:16,-11,0:17,-11,0:18,-11,0:19,-11,0:20,-11,0:21,-11,0:22,-11,0:24,-11,0:25,-11,0:26,-11,0:26,-9,0:25,-9,0:24,-9,0:23,-9,0:26,-8,0:26,-7,0:25,-7,0:24,-7,0:23,-7,0:22,-7,0:21,-7,0:20,-7,0:27,-7,0:27,-8,0:27,-9,0:27,-10,0:27,-11,0:27,-6,0:26,-6,0:22,-9,0:19,-7,0:18,-7,0:17,-7,0:16,-7,0:15,-7,0:11,-3,0:12,-3,0:13,-3,0:14,-3,0:15,-3,0:16,-3,0:17,-3,0:18,-3,0:19,-3,0:23,-11,0
1:4,-11,0:5,-11,0:6,-11,0:6,-10,0:9,-11,0:9,-12,0:12,-12,0:13,-12,0:14,-12,0:15,-12,0:16,-12,0:17,-12,0:15,-6,0:15,-5,0:16,-5,0:17,-5,0:18,-5,0:19,-5,0:19,-6,0:9,-3,0:9,-2,0:3,1,0:3,2,0:3,3,0:3,4,0:4,4,0
[0,0,0]
-1,0,0,0|||:jeo6jugm3xvf
[1,0,0]
-1,0,-1,0||5|:jeo6jugm3xvf
[2,0,0]
2,0,-1,0|||:jeo6jugm3xvf
[3,0,0]
2,0,2,0|||:cpy11obloi4i3
[3,1,0]
0,-1,0,1|20c068,,,,||
[3,2,0]
0,-1,0,-1|20c068,,,,||
[3,3,0]
0,-1,0,-1|20c068,,,,||
[3,4,0]
2,0,0,-1|20c068,,,,||
[4,4,0]
0,0,2,0|20c068,,,,|3|
[4,0,0]
-1,0,2,0|||:syd7bknrndkj
[5,0,0]
-1,0,-1,0|||:syd7bknrndkj
[6,0,0]
-1,0,-1,0|||:syd7bknrndkj
[7,0,0]
2,0,-1,0|||:syd7bknrndkj
[8,0,0]
2,0,2,-1|||
[9,0,0]
0,0,2,0||2|
[8,-12,0]
0,-1,2,0|||
[8,-11,0]
0,-1,0,-1|||
[8,-10,0]
0,-1,0,-1|||
[8,-9,0]
0,-1,2,-1|||
[8,-8,0]
0,-1,0,-1|||
[8,-7,0]
2,-1,0,-1|||
[8,-6,0]
0,-1,0,-1|||
[8,-5,0]
0,-1,0,-1|||
[8,-4,0]
0,-1,0,-1|||
[8,-3,0]
0,-1,0,-1|||
[8,-2,0]
0,-1,0,-1|||
[8,-1,0]
0,-1,0,-1|||
[2,-12,0]
-1,0,5,0|||
[3,-12,0]
-1,0,-1,0|||
[4,-12,0]
-1,0,-1,0|||
[5,-12,0]
-1,0,-1,0|||
[6,-12,0]
-1,0,-1,0|||
[7,-12,0]
2,0,-1,0|||
[1,-12,0]
5,0,2,0|||
[0,-12,0]
2,0,0,0|||
[5,-9,0]
-1,0,2,0|||
[6,-9,0]
-1,0,-1,0|||
[7,-9,0]
2,0,-1,0|||
[4,-9,0]
2,0,0,0|||
[9,-7,0]
2,0,2,0|||
[10,-12,0]
0,-1,0,0|||
[10,-11,0]
2,-1,0,-1|||
[10,-10,0]
0,-1,0,-1|||
[10,-9,0]
0,-1,0,-1|||
[10,-8,0]
0,-1,0,-1|||
[10,-7,0]
5,-1,2,-1|||
[10,-6,0]
2,-1,0,-1|||
[10,-5,0]
0,-1,0,-1|||
[10,-4,0]
0,-1,0,-1|||
[10,-3,0]
2,0,0,-1|||
[11,-3,0]
-1,0,2,0|||
[12,-3,0]
-1,0,-1,0|||
[13,-3,0]
-1,0,-1,0|||
[14,-3,0]
-1,0,-1,0|||
[15,-3,0]
-1,0,-1,0|||
[16,-3,0]
-1,0,-1,0|||
[17,-3,0]
-1,0,-1,0|||
[18,-3,0]
2,0,-1,0|||
[19,-3,0]
0,0,2,0||3|
[11,-7,0]
-1,0,5,0|||
[12,-7,0]
-1,0,-1,0|||
[13,-7,0]
-1,0,-1,0|||
[14,-7,0]
2,0,-1,0|||
[15,-7,0]
2,0,2,0|||
[15,-6,0]
0,-1,0,1|20c068,,,,||
[15,-5,0]
0,0,0,-1|20c068,,,,||
[16,-5,0]
5,0,0,0|20c068,,,,||
[17,-5,0]
-1,0,5,0|20c068,,,,||
[18,-5,0]
2,0,-1,0|20c068,,,,||
[19,-6,0]
0,-1,0,1|20c068,,,,||
[19,-5,0]
0,0,2,-1|20c068,,,,||
[19,-7,0]
2,0,2,0|||
[16,-7,0]
-1,0,2,0|||
[17,-7,0]
-1,0,-1,0|||
[18,-7,0]
2,0,-1,0|||
[20,-7,0]
-1,0,2,0|||
[21,-7,0]
-1,0,-1,0|||
[22,-7,0]
-1,0,-1,0|||
[23,-7,0]
-1,0,-1,0|||
[24,-7,0]
-1,0,-1,0|||
[25,-7,0]
-1,0,-1,0|||
[26,-7,0]
2,0,-1,0|||
[27,-11,0]
0,-1,2,0|||
[27,-10,0]
0,-1,0,-1|||
[27,-9,0]
0,-1,2,-1|||
[27,-8,0]
0,-1,2,-1|||
[27,-7,0]
0,-1,2,-1|||
[23,-9,0]
-1,0,5,0|||
[24,-9,0]
-1,0,-1,0|||
[25,-9,0]
-1,0,-1,0|||
[26,-9,0]
2,0,-1,0|||
[22,-9,0]
5,0,0,0|||
[19,-11,0]
-1,0,2,0|||
[20,-11,0]
-1,0,-1,0|||
[21,-11,0]
-1,0,-1,0|||
[24,-11,0]
-1,0,0,0|||
[25,-11,0]
-1,0,-1,0|||
[26,-11,0]
2,0,-1,0|||
[17,-11,0]
2,0,2,0|||
[17,-12,0]
0,1,2,0|20c068,,,,||
[13,-12,0]
-1,0,5,0|20c068,,,,||
[14,-12,0]
-1,0,-1,0|20c068,,,,||
[15,-12,0]
-1,0,-1,0|20c068,,,,||
[16,-12,0]
2,0,-1,0|20c068,,,,||
[12,-12,0]
5,0,0,0|20c068,,,,||
[11,-11,0]
-1,0,2,0|||
[12,-11,0]
-1,0,-1,0|||
[13,-11,0]
-1,0,-1,0|||
[14,-11,0]
-1,0,-1,0|||
[15,-11,0]
-1,0,-1,0|||
[16,-11,0]
2,0,-1,0|||
[11,-6,0]
0,0,2,0||2|
[27,-6,0]
0,0,2,-1|||
[26,-6,0]
2,0,0,0||4|
[26,-8,0]
2,0,0,0||2|
[18,-11,0]
2,0,2,0||2|
[0,-10,4]
0,-1,0,0|6fb3a8,,,,||
[0,-9,4]
0,-1,0,-1|6fb3a8,,,,||
[0,-8,4]
0,-1,0,-1|6fb3a8,,,,||
[7,-7,4]
0,-1,5,0|6fb3a8,,,,||
[7,-6,4]
0,-1,0,-1|6fb3a8,,,,||
[7,-5,4]
0,-1,0,-1|6fb3a8,,,,||
[7,-4,4]
0,-1,0,-1|6fb3a8,,,,||
[-2,-11,4]
0,-1,0,0|6fb3a8,,,,||
[-2,-10,4]
0,-1,0,-1|6fb3a8,,,,||
[-2,-9,4]
0,-1,0,-1|6fb3a8,,,,||
[-2,-8,4]
0,-1,0,-1|6fb3a8,,,,||
[-2,-7,4]
0,-1,0,-1|6fb3a8,,,,||
[-2,-6,4]
0,-1,0,-1|6fb3a8,,,,||
[-2,-4,4]
0,-1,0,-1|6fb3a8,,,,||
[-2,-5,4]
0,-1,0,-1|6fb3a8,,,,||
[-2,-3,4]
-1,0,0,-1|6fb3a8,,,,||
[-1,-3,4]
-1,0,-1,0|6fb3a8,,,,|6|
[0,-3,4]
-1,0,-1,0|6fb3a8,,,,||
[1,-3,4]
2,0,-1,0|6fb3a8,,,,||
[2,-3,4]
-1,0,2,0|6fb3a8,,,,||
[3,-3,4]
-1,0,-1,0|6fb3a8,,,,||
[4,-3,4]
-1,0,-1,0|6fb3a8,,,,||
[5,-3,4]
-1,0,-1,0|6fb3a8,,,,||
[6,-3,4]
5,0,-1,0|6fb3a8,,,,||
[7,-3,4]
0,0,5,-1|6fb3a8,,,,||
[1,-7,4]
-1,0,5,0|6fb3a8,,,,||
[2,-7,4]
-1,0,-1,0|6fb3a8,,,,||
[3,-7,4]
-1,0,-1,0|6fb3a8,,,,||
[4,-7,4]
-1,0,-1,0|6fb3a8,,,,||
[5,-7,4]
-1,0,-1,0|6fb3a8,,,,||
[6,-7,4]
5,0,-1,0|6fb3a8,,,,||
[0,-7,4]
5,0,0,-1|6fb3a8,,,,||
[4,6,1]
0,-1,0,0|ff00ff,,,,||
[4,7,1]
5,-1,2,-1|ff00ff,,,,||
[4,8,1]
5,-1,2,-1|ff00ff,,,,||
[4,9,1]
0,-1,0,-1|ff00ff,,,,||
[4,10,1]
5,-1,2,-1|ff00ff,,,,||
[4,11,1]
0,-1,0,-1|ff00ff,,,,||
[4,12,1]
2,0,2,-1|ff00ff,,,,||
[5,4,1]
2,-1,0,-1|ff00ff,,,,||
[5,5,1]
2,0,0,-1|ff00ff,,,,||
[6,4,1]
2,0,2,0|ff00ff,,,,||
[6,5,1]
2,0,2,0|ff00ff,,,,||
[7,5,1]
2,0,2,0|ff00ff,,,,||
[7,4,1]
2,0,2,0|ff00ff,,,,||
[8,4,1]
0,-1,2,-1|ff00ff,,,,||
[8,5,1]
0,-1,2,-1|ff00ff,,,,||
[8,6,1]
0,-1,0,-1|ff00ff,,,,||
[8,7,1]
0,0,2,-1|ff00ff,,,,||
[7,8,1]
0,0,1,0|ff00ff,,,,||
[-1,8,1]
-1,0,2,0|ff00ff,,,,||
[0,8,1]
-1,0,-1,0|ff00ff,,,,||
[1,8,1]
-1,0,-1,0|ff00ff,,,,||
[2,8,1]
-1,0,-1,0|ff00ff,,,,||
[3,8,1]
2,0,-1,0|ff00ff,,,,||
[-2,8,1]
2,0,0,-1|ff00ff,,,,||
[-2,10,1]
0,-1,0,-1|ff00ff,,,,||
[-2,11,1]
0,-1,0,-1|ff00ff,,,,||
[-2,12,1]
0,-1,0,-1|ff00ff,,,,||
[-2,13,1]
2,0,0,-1|ff00ff,,,,||
[5,12,1]
2,0,2,0|ff00ff,,,,||
[6,12,1]
0,-1,2,0|ff00ff,,,,||
[2,12,1]
-1,0,2,0|ff00ff,,,,||
[3,12,1]
2,0,-1,0|ff00ff,,,,||
[1,10,1]
2,-1,0,0|ff00ff,,,,||
[1,11,1]
0,-1,0,-1|ff00ff,,,,||
[1,12,1]
2,0,0,-1|ff00ff,,,,||
[2,10,1]
-1,0,2,0|ff00ff,,,,||
[3,10,1]
2,0,-1,0|ff00ff,,,,||
[-1,7,1]
-1,2,2,0|ff00ff,,,,||
[0,7,1]
-1,0,-1,0|ff00ff,,,,||
[1,7,1]
-1,0,-1,0|ff00ff,,,,||
[2,7,1]
-1,0,-1,0|ff00ff,,,,||
[3,7,1]
2,0,-1,0|ff00ff,,,,||
[-2,7,1]
2,-1,0,0|ff00ff,,,,||
[-1,13,1]
2,0,2,0|ff00ff,,,,||
[0,13,1]
5,0,2,0|ff00ff,,,,||
[0,14,1]
2,0,0,0|ff00ff,,,,||
[1,13,1]
-1,0,5,0|ff00ff,,,,||
[2,13,1]
-1,0,-1,0|ff00ff,,,,||
[3,13,1]
-1,0,-1,0|ff00ff,,,,||
[4,13,1]
-1,0,-1,0|ff00ff,,,,||
[5,13,1]
2,0,-1,0|ff00ff,,,,||
[1,14,1]
-1,0,2,0|ff00ff,,,,|6|
[2,14,1]
-1,0,-1,0|ff00ff,,,,||
[3,14,1]
-1,0,-1,0|ff00ff,,,,||
[4,14,1]
-1,0,-1,0|ff00ff,,,,||
[5,14,1]
2,0,-1,0|ff00ff,,,,||
[5,3,1]
2,-1,0,0|ff00ff,,,,||
[6,3,1]
2,0,2,0|ff00ff,,,,||
[7,3,1]
2,0,2,0|ff00ff,,,,||
[8,3,1]
0,-1,2,0|ff00ff,,,,||
[5,7,1]
-1,0,5,0|ff00ff,,,,||
[6,7,1]
-1,0,-1,0|ff00ff,,,,||
[7,7,1]
2,0,-1,0|ff00ff,,,,||
[5,10,1]
-1,0,5,0|ff00ff,,,,||
[6,10,1]
-1,0,-1,0|ff00ff,,,,||
[7,10,1]
-1,0,-1,0|ff00ff,,,,||
[8,10,1]
2,0,-1,0|ff00ff,,,,||
[9,10,1]
0,-1,2,0|ff00ff,,,,||
[9,11,1]
0,-1,2,-1|ff00ff,,,,||
[7,11,1]
-1,0,0,0|ff00ff,,,,||
[8,11,1]
2,0,-1,0|ff00ff,,,,||
[9,12,1]
0,-1,0,-1|ff00ff,,,,||
[9,13,1]
0,-1,0,-1|ff00ff,,,,||
[9,14,1]
0,-1,0,-1|ff00ff,,,,||
[9,15,1]
0,0,2,-1|ff00ff,,,,||
[7,15,1]
-1,0,2,0|ff00ff,,,,||
[8,15,1]
2,0,-1,0|ff00ff,,,,||
[6,15,1]
2,0,0,0|ff00ff,,,,||
[5,15,1]
0,0,0,0|ff00ff,,,,|6|
[4,15,1]
0,0,0,0|ff00ff,,,,||
[6,14,1]
2,0,2,0|ff00ff,,,,||
[7,14,1]
2,0,2,0|ff00ff,,,,||
[8,14,1]
0,0,2,-1|ff00ff,,,,||
[8,13,1]
0,-1,2,0|ff00ff,,,,||
[7,13,1]
2,0,2,0|ff00ff,,,,||
[6,13,1]
2,0,2,-1|ff00ff,,,,||
[19,-1,2]
0,-1,0,0|ef7b15,,,,||
[19,0,2]
2,0,2,-1|ef7b15,,,,||
[20,0,2]
-1,0,2,0|ef7b15,,,,||
[21,0,2]
-1,0,-1,0|ef7b15,,,,||
[22,0,2]
-1,0,-1,0|ef7b15,,,,||
[23,0,2]
-1,0,-1,0|ef7b15,,,,||
[24,0,2]
-1,0,-1,0|ef7b15,,,,||
[25,0,2]
-1,0,-1,0|ef7b15,,,,||
[26,0,2]
2,0,-1,0|ef7b15,,,,||
[27,-3,2]
0,-1,2,1|ef7b15,,,,||
[27,-2,2]
0,-1,0,-1|ef7b15,,,,||
[27,-1,2]
0,-1,0,-1|ef7b15,,,,||
[27,0,2]
0,-1,2,-1|ef7b15,,,,||
[21,-4,2]
2,-1,0,0|ef7b15,,,,||
[21,-3,2]
0,-1,0,-1|ef7b15,,,,||
[22,-4,2]
1,0,2,0|ef7b15,,,,||
[24,-4,2]
-1,0,1,0|ef7b15,,,,||
[25,-4,2]
-1,0,-1,0|ef7b15,,,,||
[26,-4,2]
2,0,-1,0|ef7b15,,,,||
[21,-2,2]
2,0,0,-1|ef7b15,,,,||
[23,-2,2]
5,0,1,0|ef7b15,,,,||
[23,-3,2]
-1,0,0,0|ef7b15,,,,||
[24,-3,2]
-1,0,-1,0|ef7b15,,,,||
[25,-3,2]
-1,0,-1,0|ef7b15,,,,||
[26,-3,2]
2,0,-1,0|ef7b15,,,,||
[16,1,2]
-1,0,0,0|ef7b15,,,,||
[17,1,2]
-1,0,-1,0|ef7b15,,,,||
[18,1,2]
1,0,-1,0|ef7b15,,,,||
[21,1,2]
-1,0,1,0|ef7b15,,,,||
[22,1,2]
-1,0,-1,0|ef7b15,,,,||
[23,1,2]
-1,0,-1,0|ef7b15,,,,||
[24,1,2]
-1,0,-1,0|ef7b15,,,,||
[25,1,2]
-1,0,-1,0|ef7b15,,,,||
[26,1,2]
2,0,-1,0|ef7b15,,,,||
[27,2,2]
0,-1,0,1|ef7b15,,,,||
[27,3,2]
0,-1,2,-1|ef7b15,,,,||
[27,4,2]
0,-1,0,-1|ef7b15,,,,||
[27,5,2]
0,-1,0,-1|ef7b15,,,,||
[27,6,2]
0,-1,0,-1|ef7b15,,,,||
[25,3,2]
-1,0,5,0|ef7b15,,,,||
[26,3,2]
2,0,-1,0|ef7b15,,,,||
[20,3,2]
-1,0,2,0|ef7b15,,,,||
[21,3,2]
-1,0,-1,0|ef7b15,,,,||
[22,3,2]
-1,0,-1,0|ef7b15,,,,||
[23,3,2]
-1,0,-1,0|ef7b15,,,,||
[24,3,2]
5,0,-1,0|ef7b15,,,,||
[19,3,2]
2,0,2,0|ef7b15,,,,||
[16,3,2]
-1,0,2,0|ef7b15,,,,||
[17,3,2]
-1,0,-1,0|ef7b15,,,,||
[18,3,2]
2,0,-1,0|ef7b15,,,,||
[16,4,2]
-1,0,2,0|ef7b15,,,,||
[17,4,2]
-1,0,-1,0|ef7b15,,,,||
[18,4,2]
-1,0,-1,0|ef7b15,,,,||
[19,4,2]
-1,0,-1,0|ef7b15,,,,||
[20,4,2]
-1,0,-1,0|ef7b15,,,,||
[21,4,2]
-1,0,-1,0|ef7b15,,,,||
[22,4,2]
-1,0,-1,0|ef7b15,,,,||
[23,4,2]
-1,0,-1,0|ef7b15,,,,||
[24,4,2]
-1,0,-1,0|ef7b15,,,,||
[25,4,2]
2,0,-1,0|ef7b15,,,,||
[26,5,2]
0,0,2,1|ef7b15,,,,||
[23,5,2]
-1,0,0,0|ef7b15,,,,||
[24,5,2]
-1,0,-1,0|ef7b15,,,,||
[25,5,2]
2,0,-1,0|ef7b15,,,,||
[27,7,2]
0,0,2,-1|ef7b15,,,,||
[22,7,2]
-1,0,2,0|ef7b15,,,,||
[23,7,2]
-1,0,-1,0|ef7b15,,,,||
[24,7,2]
-1,0,-1,0|ef7b15,,,,||
[25,7,2]
-1,0,-1,0|ef7b15,,,,||
[26,7,2]
2,0,-1,0|ef7b15,,,,||
[21,7,2]
2,-1,0,0|ef7b15,,,,||
[21,8,2]
2,0,0,-1|ef7b15,,,,||
[22,8,2]
0,0,2,0|e25b0b,,,,||
[11,0,2]
-1,0,2,0|ef7b15,,,,||
[12,0,2]
1,0,-1,0|ef7b15,,,,||
[14,0,2]
-1,0,1,0|ef7b15,,,,||
[15,0,2]
-1,0,-1,0|ef7b15,,,,||
[16,0,2]
-1,0,-1,0|ef7b15,,,,||
[17,0,2]
-1,0,-1,0|ef7b15,,,,||
[18,0,2]
2,0,-1,0|ef7b15,,,,||
[10,1,2]
2,0,0,-1|ef7b15,,,,||
[11,1,2]
-1,0,2,0|ef7b15,,,,||
[12,1,2]
-1,0,-1,0|ef7b15,,,,||
[13,1,2]
-1,0,-1,0|ef7b15,,,,||
[14,1,2]
0,0,-1,0|ef7b15,,,,||
[13,2,2]
-1,0,5,0|ef7b15,,,,||
[14,2,2]
2,0,-1,0|ef7b15,,,,||
[12,2,2]
5,0,0,0|ef7b15,,,,||
[10,3,2]
0,-1,0,0|ef7b15,,,,||
[12,3,2]
-1,0,-1,0|ef7b15,,,,||
[13,3,2]
-1,0,-1,0|ef7b15,,,,||
[14,3,2]
2,0,-1,0|ef7b15,,,,||
[10,4,2]
0,0,0,-1|ef7b15,,,,||
[12,4,2]
-1,0,-1,0|ef7b15,,,,||
[13,4,2]
-1,0,-1,0|ef7b15,,,,||
[14,4,2]
2,0,-1,0|ef7b15,,,,||
[10,6,2]
0,0,0,-1|ef7b15,,,,||
[12,6,2]
-1,0,-1,0|ef7b15,,,,||
[15,6,2]
-1,0,0,0|ef7b15,,,,||
[10,0,2]
2,-1,0,0|ef7b15,,,,||
[22,-2,2]
1,0,2,0|ef7b15,,,,||
[24,-2,2]
1,0,5,0|ef7b15,,,,||
[25,-2,2]
1,0,1,0|ef7b15,,,,||
[26,-2,2]
0,0,1,0|ef7b15,,,,||
[27,-4,2]
0,1,2,0|ef7b15,,,,||
[23,-4,2]
1,0,1,0|ef7b15,,,,||
[19,1,2]
1,0,1,0|ef7b15,,,,||
[20,1,2]
1,0,1,0|ef7b15,,,,||
[27,1,2]
0,1,2,-1|ef7b15,,,,||
[26,4,2]
0,1,2,0|ef7b15,,,,||
[19,6,2]
-1,0,0,0|ef7b15,,,,||
[20,6,2]
1,0,-1,0|ef7b15,,,,||
[22,6,2]
-1,0,1,0|ef7b15,,,,||
[23,6,2]
-1,0,-1,0|ef7b15,,,,||
[24,6,2]
-1,0,-1,0|ef7b15,,,,||
[25,6,2]
0,0,-1,0|ef7b15,,,,||
[21,6,2]
1,0,1,0|ef7b15,,,,||
[17,6,2]
0,0,-1,0|ef7b15,,,,||
[13,6,2]
0,0,-1,0|ef7b15,,,,||
[15,4,2]
2,0,2,1|ef7b15,,,,||
[15,3,2]
2,1,2,1|ef7b15,,,,||
[15,2,2]
0,1,2,0|ef7b15,,,,||
[13,0,2]
1,0,1,0|ef7b15,,,,||
[23,-11,0]
1,0,1,0|ff00ff,,,,||
[22,-11,0]
0,0,-1,0|||
[9,-12,0]
1,-1,0,0|20c068,,,,||
[9,-11,0]
0,0,1,-1|20c068,,,,||
[6,-11,0]
0,-1,1,0|20c068,,,,||
[6,-10,0]
0,1,0,-1|20c068,,,,||
[4,-11,0]
-1,0,0,1|20c068,,,,||
[5,-11,0]
1,0,-1,0|20c068,,,,||
[22,10,3]
0,0,0,0|8d10b5,,,,||
[22,11,3]
2,0,2,0|8d10b5,,,,||
[21,11,3]
2,0,2,0|8d10b5,,,,||
[20,11,3]
2,0,2,0|8d10b5,,,,||
[19,11,3]
2,0,-1,0|8d10b5,,,,||
[19,10,3]
2,0,-1,0|8d10b5,,,,||
[15,10,3]
-1,0,0,0|8d10b5,,,,||
[16,10,3]
-1,0,-1,0|8d10b5,,,,||
[17,10,3]
-1,0,-1,0|8d10b5,,,,||
[18,10,3]
-1,0,-1,0|8d10b5,,,,||
[14,11,3]
5,-1,2,0|8d10b5,,,,||
[16,11,3]
-1,0,-1,0|8d10b5,,,,||
[17,11,3]
-1,0,-1,0|8d10b5,,,,||
[18,11,3]
-1,0,-1,0|8d10b5,,,,||
[13,11,3]
2,0,-1,0|8d10b5,,,,||
[13,13,3]
2,0,-1,0|8d10b5,,,,||
[11,11,3]
2,-1,0,0|8d10b5,,,,||
[11,13,3]
2,-1,0,-1|8d10b5,,,,||
[14,13,3]
2,0,2,-1|8d10b5,,,,||
[16,13,3]
-1,0,-1,0|8d10b5,,,,||
[23,11,3]
-1,0,2,0|8d10b5,,,,||
[24,11,3]
-1,0,-1,0|8d10b5,,,,||
[25,11,3]
-1,0,-1,0|8d10b5,,,,||
[26,11,3]
2,0,-1,0|8d10b5,,,,||
[27,11,3]
0,-1,2,0|8d10b5,,,,||
[27,12,3]
0,-1,0,-1|8d10b5,,,,||
[27,13,3]
0,0,2,-1|8d10b5,,,,||
[20,13,3]
-1,0,2,0|8d10b5,,,,||
[23,13,3]
-1,0,-1,0|8d10b5,,,,||
[24,13,3]
-1,0,-1,0|8d10b5,,,,||
[25,13,3]
-1,0,-1,0|8d10b5,,,,||
[26,13,3]
2,0,-1,0|8d10b5,,,,||
[22,13,3]
-1,0,0,0|8d10b5,,,,||
[21,13,3]
0,0,-1,0|8d10b5,,,,||
[19,13,3]
2,-1,2,0|8d10b5,,,,||
[17,13,3]
-1,0,-1,0|8d10b5,,,,||
[15,15,3]
-1,0,2,0|8d10b5,,,,||
[16,15,3]
-1,0,-1,0|8d10b5,,,,||
[17,15,3]
-1,0,-1,0|8d10b5,,,,||
[13,15,3]
3,0,-1,0|8d10b5,,,,||
[11,15,3]
0,-1,0,-1|8d10b5,,,,||
[11,16,3]
2,0,0,-1|8d10b5,,,,||
[13,16,3]
-1,0,-1,0|8d10b5,,,,||
[14,16,3]
-1,0,-1,0|8d10b5,,,,||
[15,16,3]
-1,0,-1,0|8d10b5,,,,||
[16,16,3]
-1,0,-1,0|8d10b5,,,,||
[17,16,3]
-1,0,-1,0|8d10b5,,,,||
[18,16,3]
-1,0,-1,0|8d10b5,,,,||
[19,16,3]
-1,0,-1,0|8d10b5,,,,||
[20,16,3]
-1,0,-1,0|8d10b5,,,,||
[21,16,3]
-1,0,-1,0|8d10b5,,,,||
[22,16,3]
-1,0,-1,0|8d10b5,,,,||
[23,16,3]
-1,0,-1,0|8d10b5,,,,||
[24,16,3]
-1,0,-1,0|8d10b5,,,,||
[25,16,3]
-1,0,-1,0|8d10b5,,,,||
[26,16,3]
2,0,-1,0|8d10b5,,,,||
[27,14,3]
0,-1,0,0|8d10b5,,,,||
[27,15,3]
0,-1,2,-1|8d10b5,,,,||
[27,16,3]
0,0,2,-1|8d10b5,,,,||
[19,15,3]
2,0,2,-1|8d10b5,,,,||
[21,15,3]
-1,0,-1,0|8d10b5,,,,||
[22,15,3]
-1,0,-1,0|8d10b5,,,,||
[23,15,3]
-1,0,-1,0|8d10b5,,,,||
[24,15,3]
-1,0,-1,0|8d10b5,,,,||
[25,15,3]
-1,0,-1,0|8d10b5,,,,||
[26,15,3]
2,0,-1,0|8d10b5,,,,||
[20,10,3]
0,0,2,0|8d10b5,,,,||
[14,12,3]
0,-1,0,-1|8d10b5,,,,||
[11,12,3]
0,-1,0,-1|8d10b5,,,,||
[11,14,3]
0,-1,0,-1|8d10b5,,,,||
[10,5,2]
0,-1,0,0|ef7b15,,,,||
[14,6,2]
0,0,0,0|ef7b15,,,,||
[16,6,2]
-1,0,-1,0|ef7b15,,,,||
[18,6,2]
0,0,0,0|ef7b15,,,,||
[18,7,2]
0,0,0,0|ef7b15,,,,||
[16,7,2]
-1,0,0,0|ef7b15,,,,||
[17,7,2]
0,0,-1,0|ef7b15,,,,||
[15,7,2]
0,0,0,0|ef7b15,,,,||
[14,7,2]
0,-1,0,0|ef7b15,,,,||
[14,8,2]
0,0,0,-1|ef7b15,,,,||
[15,8,2]
-1,0,0,0|ef7b15,,,,||
[16,8,2]
-1,0,-1,0|ef7b15,,,,||
[17,8,2]
0,0,-1,0|ef7b15,,,,||
[11,4,2]
-1,0,0,0|ef7b15,,,,||
[11,3,2]
-1,0,0,0|ef7b15,,,,||
[11,6,2]
-1,0,0,0|ef7b15,,,,||
[12,13,3]
-1,0,2,0|8d10b5,,,,||
[12,11,3]
-1,0,2,0|8d10b5,,,,||
[15,11,3]
-1,0,5,0|8d10b5,,,,||
[15,13,3]
-1,0,2,0|8d10b5,,,,||
[12,15,3]
-1,0,0,0|8d10b5,,,,||
[14,15,3]
2,0,3,0|8d10b5,,,,||
[19,14,3]
0,-1,0,-1|8d10b5,,,,||
[18,13,3]
2,0,-1,0|8d10b5,,,,||
[18,15,3]
2,0,-1,0|8d10b5,,,,||
[20,15,3]
-1,0,2,0|8d10b5,,,,||
[12,16,3]
-1,0,2,0|8d10b5,,,,||
[-2,9,1]
0,-1,0,1|ff00ff,,,,||
[6,8,1]
0,0,1,0|||
[5,8,1]
0,0,5,0|ff00ff,,,,||
[9,-3,0]
1,-1,0,0|20c068,,,,||
[9,-2,0]
0,0,1,-1|20c068,,,,||
